743427
275128
1503522
722682
1180847
578627
1162712
1215719
1327112
915407
555328
367179
1261345
1651017
1743279
424688
1211669
1378035
1629019
1464256
966234
51477
915439
1353736
126968
477280
750363
115133
1606736
1628712
556130
1000293
1232362
1074074
1333510
444877
497034
557910
656802
1234574
1587699
165239
976714
1440607
1693964
826147
425619
729706
312621
1209168
1296748
1749604
1780588
132664
249753
164028
1690580
640534
1599067
842408
209999
1747897
205490
842068
874002
852370
1326680
898888
1609719
907142
105199
286301
1116871
416496
1293351
1190289
1407214
300951
681388
1433131
11673
421411
201941
1463880
1585051
1133028
973695
1671502
1252677
1550082
1784413
390330
677804
1603727
482318
1530826
1312755
284785
1715087
1279285
1088981
422137
1551979
798414
1377114
1377114
1377114
934787
1048152
887250
1149662
383688
35355
147881
1117986
688676
1641782
1171618
1171618
683605
985527
1176586
7062
516419
988933
1024467
514654
1020028
1658659
1597568
